29 2 2020 6 25
29 2 2020 6 7
0 0 1 1 4620
1 1 2 2 4059
2 2 3 3 3540
3 3 4 4 5180
4 4 5 5 5536
5 5 6 6 3693
6 6 7 7 3977
30605
2 3 2020 1 2
0 0 1 1 2450
1 1 2 2 4523
6973
3 3 2020 2 7
0 0 1 1 1853
1 1 2 2 1375
2 2 3 3 5001
3 3 4 4 1466
4 4 5 5 5738
5 5 6 6 4307
6 6 7 7 5375
25115
5 3 2020 4 3
0 0 1 1 356
1 1 2 2 2079
2 2 3 3 2875
5310
7 3 2020 6 4
0 0 1 1 4108
1 1 2 2 1369
2 2 3 3 3114
3 3 4 4 687
9278
8 3 2020 0 7
0 0 1 1 2617
1 1 2 2 718
2 2 3 3 3118
3 3 4 4 4435
4 4 5 5 4683
5 5 6 6 5260
6 6 7 7 2795
23626
9 3 2020 1 6
0 0 1 1 5945
1 1 2 2 2060
2 2 3 3 1068
3 3 4 4 3170
4 4 5 5 2619
5 5 6 6 4127
18989
11 3 2020 3 3
0 0 1 1 6067
1 1 2 2 1378
2 2 3 3 1652
9097
12 3 2020 4 4
0 0 1 1 4056
1 1 2 2 4737
2 2 3 3 3741
3 3 4 4 3329
15863
13 3 2020 5 5
0 0 1 1 5752
1 1 2 2 3936
2 2 3 3 1726
3 3 4 4 5140
4 4 5 5 720
17274
15 3 2020 0 1
0 0 1 1 3722
3722
17 3 2020 2 1
0 0 1 1 4671
4671
18 3 2020 3 7
0 0 1 1 949
1 1 2 2 3930
2 2 3 3 5419
3 3 4 4 908
4 4 5 5 4123
5 5 6 6 5772
6 6 7 7 3540
24641
19 3 2020 4 1
0 0 1 1 1532
1532
20 3 2020 5 7
0 0 1 1 3367
1 1 2 2 3785
2 2 3 3 1117
3 3 4 4 4520
4 4 5 5 3507
5 5 6 6 1321
6 6 7 7 5617
23234
22 3 2020 0 6
0 0 1 1 497
1 1 2 2 2940
2 2 3 3 1385
3 3 4 4 1144
4 4 5 5 5861
5 5 6 6 5182
17009
24 3 2020 2 7
0 0 1 1 1744
1 1 2 2 2713
2 2 3 3 354
3 3 4 4 2696
4 4 5 5 4629
5 5 6 6 1793
6 6 7 7 3490
17419
26 3 2020 4 7
0 0 1 1 2114
1 1 2 2 1454
2 2 3 3 1683
3 3 4 4 5767
4 4 5 5 742
5 5 6 6 4507
6 6 7 7 3637
19904
27 3 2020 5 4
0 0 1 1 1371
1 1 2 2 5984
2 2 3 3 1527
3 3 4 4 688
9570
28 3 2020 6 6
0 0 1 1 5559
1 1 2 2 2731
2 2 3 3 4555
3 3 4 4 4055
4 4 5 5 4522
5 5 6 6 3079
24501
29 3 2020 0 6
0 0 1 1 2150
1 1 2 2 5752
2 2 3 3 5876
3 3 4 4 1256
4 4 5 5 3831
5 5 6 6 3061
21926
30 3 2020 1 5
0 0 1 1 4985
1 1 2 2 747
2 2 3 3 5312
3 3 4 4 3955
4 4 5 5 1593
16592
31 3 2020 2 5
0 0 1 1 4207
1 1 2 2 5687
2 2 3 3 197
3 3 4 4 4797
4 4 5 5 2670
17558
1 4 2020 3 7
0 0 1 1 694
1 1 2 2 1821
2 2 3 3 2231
3 3 4 4 3209
4 4 5 5 638
5 5 6 6 1747
6 6 7 7 3659
13999
2 4 2020 4 3
0 0 1 1 102
1 1 2 2 1368
2 2 3 3 5377
6847
